0   0   0   0   0   28  28  28  28  44  44  44  54  54  54  54  73  73  73  73  89  89  89  89  89  110 110 110 110 110 128 128 128 141 141 141 141 158 158 158 168 168 168 168 184 184 184 184 
0   0   0   0   19  28  28  28  28  44  44  44  54  54  54  54  73  73  73  73  89  89  93  93  93  110 110 110 110 110 128 128 128 141 141 141 141 158 158 158 168 168 168 168 184 184 184 184 
1   1   0   19  19  19  31  31  31  44  44  44  55  55  54  54  73  73  73  73  73  93  93  101 101 101 113 113 113 113 128 128 128 128 141 141 141 158 158 158 168 168 168 168 184 184 184 184 
1   1   1   19  19  19  31  31  31  44  44  45  55  55  55  55  69  69  69  69  83  93  93  101 101 101 113 113 113 113 126 128 128 142 142 142 142 158 158 158 169 169 169 169 184 184 184 184 
1   1   1   19  19  19  31  31  31  45  45  45  55  55  55  69  69  69  69  83  83  94  94  94  101 101 113 113 113 113 126 126 126 142 142 142 142 159 159 159 169 169 169 169 185 185 185 185 
2   2   2   20  20  20  20  31  40  45  45  45  45  55  56  69  69  69  69  83  83  83  94  94  94  111 111 111 111 126 126 126 126 142 142 149 149 159 159 159 169 169 169 169 185 185 185 185 
2   2   2   20  20  20  20  40  40  40  45  45  56  56  56  56  70  70  70  83  83  83  94  94  98  111 111 111 111 126 126 126 126 135 149 149 149 159 159 159 170 170 170 170 185 185 185 185 
2   2   2   14  20  20  20  40  40  40  40  52  56  56  56  56  70  70  70  83  83  83  98  98  98  98  111 111 111 122 126 135 135 135 149 149 149 160 160 160 170 170 170 170 186 186 186 186 
3   3   14  14  14  20  29  40  40  40  52  52  52  56  56  70  70  70  70  70  83  80  98  98  98  98  98  111 122 122 122 135 135 135 135 143 143 160 160 160 170 170 170 170 186 186 186 186 
3   3   14  14  14  29  29  29  29  40  52  52  52  52  56  70  70  70  70  80  80  80  98  98  98  98  98  98  122 122 122 122 135 135 143 143 143 160 160 160 165 177 177 177 186 186 186 186 
3   3   3   14  14  29  29  29  29  42  52  52  52  52  63  63  63  80  80  80  80  80  95  95  98  98  98  98  122 122 123 123 123 143 143 143 143 160 165 165 165 177 177 177 177 186 186 186 
3   3   3   21  21  29  29  29  42  42  42  42  42  63  63  63  63  80  80  80  80  95  95  95  95  95  107 107 123 123 123 123 123 143 143 143 143 143 165 165 165 165 177 177 177 187 187 187 
4   4   4   21  21  21  32  32  32  42  42  42  42  63  63  63  63  63  80  80  80  95  95  95  95  107 107 107 123 123 123 123 123 144 143 143 143 152 165 165 165 178 178 178 187 187 187 187 
4   4   4   21  21  21  32  32  32  42  42  42  46  46  67  67  67  67  82  82  82  95  95  95  95  107 107 107 118 123 123 136 136 144 144 152 152 152 152 166 166 178 178 178 187 187 187 187 
4   4   4   21  21  21  32  32  42  42  42  46  46  57  67  67  67  67  82  82  82  96  96  95  107 107 107 107 118 118 118 136 136 144 144 152 152 152 152 166 166 166 178 180 180 187 187 187 
5   5   5   22  22  22  22  32  33  46  46  46  46  57  57  67  67  67  82  82  82  96  96  96  107 107 107 118 118 118 118 136 136 144 144 144 152 152 152 166 166 166 180 180 180 180 180 187 
5   5   5   22  22  22  22  33  33  33  46  46  46  57  57  57  67  67  82  82  84  84  96  96  102 107 107 107 118 118 118 129 129 129 150 150 152 152 152 166 166 166 180 180 180 180 181 181 
5   5   5   22  22  22  33  33  33  33  33  46  57  57  57  57  74  74  74  84  84  84  84  102 102 102 107 119 118 118 129 129 129 129 150 150 150 152 161 161 166 166 166 180 180 181 181 181 
5   5   15  15  15  22  30  30  33  33  33  33  57  58  58  58  74  74  74  84  84  84  84  102 102 102 102 119 119 119 129 129 129 129 150 150 150 161 161 161 161 161 166 180 181 181 181 181 
6   6   15  15  15  30  30  30  30  33  47  47  58  58  58  58  74  74  74  74  84  84  84  102 102 102 102 119 119 119 124 129 129 129 150 150 150 161 161 161 161 161 171 181 181 181 181 181 
6   6   6   15  15  30  30  30  30  47  47  47  47  58  58  58  74  74  74  85  85  85  85  103 103 103 103 119 119 124 124 124 124 145 145 145 145 161 161 161 161 171 171 171 188 181 181 181 
6   6   6   15  15  26  26  30  30  47  47  47  47  47  58  58  75  75  75  85  85  85  85  103 103 103 103 119 119 124 124 124 124 145 145 145 145 145 153 153 171 171 171 171 188 188 188 188 
7   7   7   7   26  26  26  26  34  47  47  47  47  64  58  71  75  75  75  85  85  85  85  103 103 103 103 119 124 124 124 124 137 137 145 145 145 153 153 153 153 171 171 171 171 188 188 188 
7   7   7   7   26  26  26  34  34  34  47  47  47  64  64  71  71  75  75  86  86  86  86  103 103 103 103 120 120 120 130 137 137 137 137 145 153 153 153 153 153 172 172 171 171 188 188 188 
7   7   7   7   27  26  34  34  34  34  53  53  53  64  64  64  71  71  71  86  86  86  86  104 104 104 104 120 120 120 130 137 137 138 137 146 153 153 153 153 172 172 172 172 188 188 188 192 
8   8   8   8   27  27  34  34  34  34  53  53  53  64  64  64  71  71  71  86  86  86  86  104 104 104 104 120 120 120 130 130 138 138 146 146 154 154 154 154 172 172 172 172 188 192 192 192 
8   8   8   8   27  27  35  35  35  35  53  53  53  59  64  64  64  71  81  81  81  81  86  104 104 104 104 120 120 120 130 130 138 146 146 146 154 154 154 154 172 172 172 172 188 192 192 192 
8   8   8   8   27  27  35  35  35  35  53  53  59  59  59  59  64  81  81  81  81  81  81  105 105 105 105 120 125 125 125 125 138 146 146 146 154 154 154 154 173 173 173 173 189 192 192 192 
8   8   8   16  16  27  35  35  35  35  48  48  59  59  59  59  76  76  81  81  81  81  81  105 105 105 105 114 125 125 125 131 131 146 146 146 155 155 155 155 173 173 173 173 189 189 189 189 
9   9   16  16  16  27  36  36  36  48  48  48  48  59  59  65  76  76  76  81  87  87  87  105 105 105 105 114 114 125 131 131 131 139 139 139 155 155 155 155 173 173 173 173 189 189 189 189 
9   9   9   16  16  16  36  36  36  48  48  48  48  65  65  65  76  76  76  87  87  87  87  105 105 105 114 114 114 114 131 131 139 139 139 139 155 155 155 155 174 174 174 174 189 189 189 189 
9   9   9   16  16  23  36  36  36  48  48  48  48  65  65  65  65  76  76  76  87  87  87  97  108 108 114 114 114 114 127 127 127 139 139 139 156 156 156 156 174 174 174 174 182 182 189 189 
9   9   9   23  23  23  23  41  41  49  49  49  60  60  65  65  72  72  76  76  87  97  97  97  108 108 114 114 114 127 127 127 127 139 139 139 156 156 156 156 174 174 174 174 182 182 182 182 
10  10  10  23  23  23  23  41  41  49  49  49  60  60  60  72  72  72  72  88  88  97  97  97  108 108 115 115 115 115 132 132 132 132 147 147 156 156 156 156 175 175 175 182 182 182 182 182 
10  10  10  10  23  23  23  41  41  41  49  49  60  60  60  72  72  72  72  88  88  97  97  99  99  108 115 115 115 115 132 132 132 147 147 147 147 156 156 162 175 175 175 182 182 182 193 193 
10  10  10  24  24  24  37  37  43  43  43  43  60  61  61  61  72  77  77  88  88  88  99  99  99  99  115 115 115 115 132 132 132 147 147 147 147 162 162 162 162 175 175 182 182 193 193 193 
11  11  11  24  24  24  37  37  43  43  43  43  61  61  61  61  77  77  77  77  88  88  99  99  99  112 112 112 115 115 132 133 133 133 147 147 147 162 162 162 162 162 175 183 183 193 193 193 
11  11  11  24  24  24  37  37  37  43  43  43  61  61  61  68  68  77  77  77  90  90  90  99  99  112 112 112 112 112 133 133 133 133 148 148 148 163 162 162 162 162 167 183 183 183 183 193 
11  11  11  24  24  24  37  37  37  37  43  43  61  61  68  68  68  68  77  77  90  90  90  106 106 112 112 112 112 112 133 133 133 133 148 148 148 163 163 163 163 162 167 183 183 183 183 183 
12  11  17  17  17  17  38  38  38  38  50  43  62  62  62  68  68  78  78  78  90  90  90  90  106 112 112 112 112 116 133 133 133 148 148 148 148 163 163 163 163 167 167 183 183 183 183 183 
12  12  17  17  17  17  38  38  38  38  50  50  62  62  62  62  78  78  78  78  91  91  91  90  106 106 106 116 116 116 116 134 134 148 148 148 148 163 163 163 167 167 179 179 183 183 183 190 
12  12  12  17  17  17  38  38  38  38  50  50  50  50  62  62  78  78  78  78  91  91  91  100 100 106 106 116 116 116 134 134 134 134 151 151 151 151 163 167 167 179 179 179 179 190 190 190 
12  12  12  18  18  18  38  38  38  50  50  50  50  50  66  66  78  78  78  78  91  91  91  100 100 100 116 116 116 116 134 134 134 134 151 151 151 151 164 164 164 179 179 179 179 190 190 190 
12  12  18  18  18  18  18  39  39  39  50  50  50  66  66  66  66  79  79  79  91  91  100 100 109 109 116 116 117 117 134 134 134 134 151 151 151 164 164 164 164 179 179 179 190 190 190 190 
13  13  13  18  18  18  39  39  39  39  51  51  51  66  66  66  66  79  79  79  92  92  92  92  109 109 117 117 117 117 117 134 134 134 151 140 157 157 164 164 164 176 176 176 191 190 190 190 
13  13  13  25  25  25  39  39  39  39  51  51  51  66  66  66  79  79  79  79  92  92  92  92  109 109 117 117 117 117 117 117 140 140 140 140 157 157 157 157 176 176 176 176 191 191 191 191 
13  13  13  25  25  25  25  39  39  39  51  51  51  51  66  66  79  79  79  79  92  92  92  92  109 109 109 109 109 121 121 121 140 140 140 140 157 157 157 157 176 176 176 176 191 191 191 191 
13  13  13  25  25  25  25  39  39  51  51  51  51  51  66  66  79  79  79  79  92  92  92  92  109 109 109 121 121 121 121 121 140 140 140 140 157 157 157 157 176 176 176 176 191 191 191 191 
